$ 1 0.000005 10.20027730826997 34 5 43
401 240 336 320 336 1 8\s15\s-15\s1000000\s-6.708370415811468e-8\s3.4694469519536145e-23\s100000 0\s20\s10000000000 0
401 240 416 320 416 1 8\s15\s-15\s1000000\s3.4694469519536145e-23\s-6.708370415811468e-8\s100000 0\s20\s10000000000 0
162 384 336 320 336 2 default-led 0 1 0 0.01
162 384 416 320 416 2 default-led 1 0 0 0.01
r 480 416 384 416 0 2000
r 384 336 480 336 0 2000
w 240 352 208 352 0
w 208 352 208 400 0
w 208 400 240 400 0
r 48 288 48 352 0 100000
r 48 352 48 416 0 68
w 48 352 112 352 0
w 176 352 176 320 0
w 176 320 240 320 0
w 176 352 176 432 0
w 176 432 240 432 0
R -32 240 -32 192 0 0 40 0 0 0 0.5
f 192 144 192 192 32 1.5 0.6033182503771
f 208 192 208 240 33 1.5 1
w 144 144 144 240 0
w 144 240 192 240 0
w 192 144 144 144 0
r 208 192 304 192 0 10000
w 304 192 304 240 0
w 224 240 304 240 0
r 560 400 560 288 0 0.1
v 560 448 560 400 0 0 40 16.4 0 0 0.5
w 208 496 560 496 0
w 560 448 560 496 0
r 208 496 80 496 0 0.1
w 560 240 560 288 0
w 80 496 48 496 0
g 48 496 48 512 0
w 208 448 208 400 0
w 480 416 480 336 0
w 480 336 480 288 0
w 144 288 480 288 0
w 48 416 48 496 0
c 112 352 112 416 0 1.0000000000000001e-7 3.4694469519536145e-23
w 48 416 112 416 0
w 112 352 176 352 0
w -32 240 144 240 0
w 304 240 480 240 0
w 480 240 560 240 0
w 176 192 112 192 0
g 112 192 112 208 0
c 208 448 80 448 0 1e-7 -6.708370415811468e-8
w 80 448 80 496 0
w 208 448 208 496 0
w 144 240 144 288 0
w 144 288 48 288 0
p 560 400 640 400 1 0
p 192 240 192 272 1 0
o 30 64 0 4097 20 51.2 0 2 30 3
38 16 0 0 30 Voltage
38 26 0 13 17 Voltage
38 25 0 0.1 200 Resistance
